-106
-106
-95
-58
-21
33
86
121
146
142
119
84
40
-3
-37
-54
-58
-58
-38
-28
-17
-7
-5
2
11
23
38
52
68
71
68
53
28
4
-20
-37
-42
-40
-21
0
20
38
49
57
60
53
46
36
29
20
11
2
-11
-18
-25
-27
-25
-19
-3
11
22
30
29
25
12
-4
-19
-35
-48
-57
-66
-72
-76
-75
-73
-61
-42
-23
-5
4
6
-4
-20
-38
-59
-78
-85
-91
-92
-97
-99
-98
-90
-63
-30
24
80
123
163
168
156
120
70
16
-31
-64
-79
-82
-61
-48
-28
-10
-3
6
12
23
39
54
72
80
84
71
45
18
-17
-43
-53
-55
-38
-14
17
44
68
85
87
82
69
54
39
30
17
9
3
-8
-17
-21
-20
-14
0
17
32
46
51
50
42
26
5
-14
-31
-50
-67
-73
-79
-78
-68
-47
-28
-8
15
15
14
-2
-26
-44
-64
-71
-79
-79
-79
-87
-87
-97
-98
-76
-53
-2
62
111
158
174
167
132
82
28
-31
-68
-83
-90
-69
-47
-28
-9
1
8
10
21
34
50
74
87
94
89
61
34
-2
-30
-50
-54
-38
-18
18
49
69
88
84
77
66
49
39
27
23
16
6
-1
-13
-20
-26
-23
-11
1
20
34
41
42
30
13
-11
-37
-59
-79
-97
-106
-104
-81
-47
-24
