-106
-106
-95
-58
-21
33
86
121
146
142
119
84
40
-3
-37
-54
-58
-58
-38
-28
-17
-7
-5
2
11
23
38
52
68
71
68
53
28
4
-20
-37
-42
-40
-21
0
20
38
49
57
60
53
46
36
29
20
11
2
-11
-18
-25
-27
-25
-19
-3
11
22
30
29
25
12
-4
-19
-35
-48
-57
-66
-72
-76
-75
-73
-61
-42
-23
-5
4
6
-4
-20
-38
-59
-78
-85
-91
-92
-97
-99
-98
-90
-63
-30
24
80
123
163
168
156
120
70
16
-31
-64
-79
-82
-61
-48
-28
-10
-3
6
12
23
39
54
72
80
84
71
45
18
-17
-43
-53
-55
-38
-14
17
44
68
85
87
82
69
54
39
30
17
9
3
-8
-17
-21
-20
-14
0
17
32
46
51
50
42
26
5
-14
-31
-50
-67
-73
-79
-78
-68
-47
-28
-8
15
15
14
-2
-26
-44
-64
-71
-79
-79
-79
-87
-87
-97
-98
-76
-53
-2
62
111
158
174
167
132
82
28
-31
-68
-83
-90
-69
-47
-28
-9
1
8
10
21
34
50
74
87
94
89
61
34
-2
-30
-50
-54
-38
-18
18
49
69
88
84
77
66
49
39
27
23
16
6
-1
-13
-20
-26
-23
-11
1
20
34
41
42
30
13
-11
-37
-59
-79
-97
-106
-104
-81
-47
-24
4
13
4
-15
-41
-69
-86
-87
-83
-72
-62
-67
-80
-86
-89
-78
-33
20
80
142
183
192
176
133
66
5
-46
-82
-88
-75
-57
-29
-1
12
15
21
21
23
41
62
77
97
99
85
60
22
-20
-48
-61
-62
-41
-8
25
60
84
93
92
83
64
50
39
24
11
5
-5
-16
-21
-25
-24
-12
2
15
31
42
45
40
28
12
-5
-22
-39
-55
-68
-81
-84
-81
-69
-54
-26
-5
8
16
3
-17
-39
-60
-75
-87
-89
-98
-106
-104
-92
-70
-31
26
77
130
168
182
170
137
85
33
-18
-50
-72
-71
-62
-47
-26
-10
0
10
24
35
48
69
79
90
92
75
52
19
-14
-40
-56
-56
-42
-16
17
45
73
83
85
85
75
62
50
36
24
11
1
-14
-25
-31
-29
-21
-6
13
33
47
58
61
50
36
13
-6
-22
-37
-44
-52
-58
-63
-69
-69
-60
-40
-20
5
20
18
-2
-22
-52
-83
-97
-106
-110
-102
-98
-86
-67
-36
-5
41
82
116
140
150
134
104
63
16
-26
-54
-71
-74
-61
-40
-18
6
23
34
48
58
64
71
79
75
72
60
39
14
-11
-30
-41
-40
-28
-9
18
46
67
81
88
82
70
56
41
27
14
1
-9
-15
-19
-19
-16
-7
3
16
30
38
41
37
25
11
-2
-16
-29
-36
-45
-51
-56
-63
-67
-69
-73
-67
-54
-42
-26
-14
-9
-18
-37
-57
-88
-114
-125
-135
-127
-100
-59
-10
44
94
125
144
140
116
89
53
17
-14
-35
-49
-58
-53
-54
-52
-41
-31
-16
12
39
67
86
99
96
82
64
32
8
-18
-35
-41
-38
-27
-9
9
26
39
56
65
68
74
68
58
46
29
7
-14
-27
-38
-41
-37
-29
-14
2
15
27
36
39
34
27
11
-8
-22
-43
-61
-75
-84
-87
-88
-77
-59
-35
-12
9
20
17
1
-20
-43
-73
-89
-105
-107
-103
-102
-97
-93
-86
-59
-28
15
74
122
166
183
170
142
88
32
-28
-74
-90
-98
-81
-55
-32
-7
8
20
27
35
44
51
64
73
71
65
45
19
-14
-42
-61
-63
-54
-28
2
34
59
77
82
80
69
53
37
25
16
5
-3
-14
-22
-26
-27
-20
-11
7
28
41
51
52
45
33
16
-2
-22
-36
-48
-58
-65
-72
-75
-76
-69
-48
-24
-5
16
19
12
-7
-35
-61
-86
-99
-110
-114
-105
-104
-97
-74
-49
-13
37
88
128
159
166
146
113
66
10
-35
-68
-91
-91
-74
-58
-32
-8
7
19
37
49
58
74
83
86
86
72
49
18
-10
-37
-51
-49
-41
-15
17
41
68
83
88
87
80
68
52
37
17
1
-11
-25
-33
-32
-26
-15
1
20
39
49
52
42
31
16
-5
-20
-36
-47
-62
-72
-80
-85
-79
-66
-45
-15
1
16
21
2
-19
-44
-73
-90
-97
-96
-95
-90
-89
-100
-96
-78
-57
-5
57
110
161
189
180
148
98
34
-30
-66
-92
-99
-77
-54
-31
-6
4
11
18
26
34
53
76
88
93
90
63
31
-7
-43
-66
-72
-60
-37
-1
32
55
77
85
80
76
66
56
46
33
20
9
-5
-22
-31
-31
-28
-12
10
31
47
60
62
54
40
21
-1
-17
-33
-46
-52
-61
-65
-67
-66
-53
-35
-14
6
23
30
24
12
-10
-35
-52
-69
-85
-84
-87
-90
-89
-94
-95
-79
-45
-11
51
101
140
171
166
140
98
43
-10
-55
-75
-83
-75
-50
-32
-12
3
11
14
20
33
47
61
73
72
71
55
26
-1
-27
-47
-55
-46
-26
-3
27
50
65
75
75
68
59
49
42
31
26
15
3
-2
-13
-18
-16
-7
6
21
39
48
50
46
28
13
-8
-27
-37
-50
-56
-60
-68
-67
-64
-51
-36
-22
-9
-3
1
2
-13
-20
-31
-47
-56
-70
-78
-87
-97
-101
-109
-95
-86
-62
-14
18
74
109
133
142
124
98
56
13
-21
-55
-63
-67
-61
-43
-33
-16
-7
1
12
21
41
54
69
83
76
73
55
31
3
-18
-28
-33
-25
-8
7
35
49
60
68
64
59
53
48
38
25
18
2
-10
-15
-22
-16
-9
1
13
25
37
38
38
33
19
9
-10
-25
-41
-55
-65
-70
-66
-62
-51
-30
-17
3
11
11
5
-7
-25
-42
-55
-63
-72
-75
-77
-84
-86
-87
-88
-78
-50
-16
24
73
104
124
128
109
80
43
3
-26
-48
-52
-52
-39
-26
-18
-7
-2
2
9
19
31
41
54
55
50
42
21
-4
-23
-38
-41
-35
-22
-3
17
38
49
55
56
49
40
32
21
13
6
-1
-5
-10
-12
-13
-11
-8
0
14
21
26
31
25
16
2
-11
-26
-42
-52
-55
-61
-56
-53
-44
-34
-26
-14
-8
-6
-5
-7
-16
-26
-35
-48
-62
-71
-82
-91
-92
-91
-86
-67
-29
0
51
94
115
136
132
107
72
37
-2
-34
-44
-49
-51
-32
-25
-12
2
11
14
26
43
54
67
77
72
67
52
26
2
-17
-30
-34
-27
-11
8
31
47
62
73
69
64
56
47
36
28
20
11
3
-4
-11
-11
-5
1
14
27
35
40
41
34
23
8
-10
-25
-36
-49
-53
-56
-54
-44
-37
-27
-22
-20
-24
-29
-34
-41
-42
-45
-46
-49
-55
-63
-77
-87
-98
-101
-82
-52
-10
46
88
124
139
131
103
66
26
-13
-34
-41
-42
-28
-18
-10
-1
3
5
8
18
32
49
68
77
78
73
55
32
8
-12
-26
-26
-20
-5
15
33
45
55
60
62
61
59
52
45
35
20
5
-7
-19
-26
-24
-20
-7
7
18
28
35
37
28
19
4
-13
-26
-41
-57
-66
-72
-73
-58
-37
-19
-6
2
-2
-11
-23
-35
-43
-44
-46
-45
-46
-48
-60
-72
-86
-100
-96
-70
-36
20
77
117
151
153
134
100
55
10
-27
-44
-50
-48
-30
-19
-10
-3
-2
-2
5
17
31
51
71
76
75
64
35
9
-16
-39
-48
-43
-30
-10
15
34
51
63
62
61
58
49
45
36
28
17
4
-5
-18
-19
-17
-9
4
17
29
39
39
32
24
16
3
-6
-16
-28
-38
-48
-61
-75
-80
-80
-71
-51
-26
-6
14
19
12
-6
-28
-56
-82
-95
-110
-113
-114
-114
-105
-84
-54
-21
34
79
116
148
148
130
99
51
1
-42
-67
-83
-84
-65
-54
-29
-8
2
18
32
42
55
69
80
78
76
60
34
11
-18
-42
-50
-50
-35
-11
19
45
68
84
86
82
74
58
46
31
18
6
-1
-10
-17
-18
-16
-12
3
19
34
49
54
53
41
25
4
-19
-39
-60
-74
-80
-83
-77
-63
-44
-26
-5
6
6
5
-6
-25
-37
-49
-63
-71
-77
-83
-92
-101
-112
-112
-102
-71
-32
31
87
126
158
159
134
92
40
-12
-50
-69
-76
-67
-44
-28
-11
1
7
14
21
29
45
58
70
73
73
56
31
5
-23
-45
-54
-50
-29
-3
25
45
62
75
73
67
57
45
35
24
14
1
-10
-17
-27
-26
-20
-11
3
19
32
43
43
37
26
12
-7
-23
-38
-53
-64
-72
-74
-75
-69
-54
-33
-13
4
14
17
7
-11
-31
-51
-68
-79
-83
-84
-84
-85
-87
-86
-73
-43
-15
37
86
124
155
155
136
96
46
-5
-46
-70
-77
-71
-45
-28
-7
11
16
20
26
32
41
54
71
73
73
59
35
10
-15
-33
-43
-38
-22
2
31
54
67
76
73
68
60
46
34
24
17
8
-1
-5
-14
-12
-10
-4
9
22
38
48
49
44
30
17
-3
-25
-42
-57
-65
-69
-67
-59
-48
-34
-19
-11
0
2
-5
-13
-21
-37
-50
-59
-72
-84
-87
-102
-110
-111
-101
-69
-29
31
88
129
170
168
148
112
56
3
-43
-69
-78
-74
-51
-39
-19
-5
-2
11
18
30
45
64
83
86
85
68
41
14
-18
-40
-50
-48
-30
-8
22
49
66
80
76
75
68
56
51
39
29
18
3
-13
-28
-34
-34
-26
-3
17
36
52
53
48
32
15
-8
-31
-48
-66
-75
-76
-82
-73
-59
-47
-25
-5
1
0
-7
-25
-41
-50
-56
-64
-63
-68
-77
-83
-95
-106
-101
-77
-42
12
81
128
163
177
157
121
70
12
-32
-62
-73
-67
-47
-27
-15
4
12
13
19
30
41
60
80
86
84
75
49
20
-8
-34
-49
-46
-34
-11
15
41
56
69
71
65
58
47
37
33
26
17
2
-9
-23
-35
-33
-30
-15
5
23
38
46
46
34
15
-3
-27
-46
-60
-69
-73
-72
-67
-56
-37
-23
-8
-1
2
-3
-12
-23
-34
-46
-53
-65
-69
-78
-85
-90
-91
-77
-46
-15
35
80
118
142
147
131
97
61
17
-22
-42
-52
-51
-38
-25
-12
-4
3
13
22
32
43
53
68
68
69
56
34
10
-12
-28
-38
-34
-22
-5
20
41
59
69
71
70
63
53
41
33
21
10
1
-5
-11
-12
-10
0
9
18
28
36
37
36
27
15
-2
-19
-36
-51
-64
-70
-71
-60
-45
-29
-15
-4
2
-6
-14
-28
-42
-47
-54
-58
-58
-62
-67
-78
-93
-104
-108
-91
-54
-13
51
99
134
152
138
108
62
9
-31
-55
-61
-58
-42
-21
-13
0
2
1
4
11
24
40
59
73
71
70
51
24
1
-26
-39
-39
-30
-7
14
39
53
65
67
59
56
49
37
34
26
17
7
-5
-18
-29
-27
-23
-13
4
20
34
40
37
30
15
2
-19
-36
-50
-67
-75
-75
-68
-52
-38
-13
-1
4
6
-13
-29
-46
-63
-67
-73
-70
-70
-74
-81
-101
-104
-99
-76
-35
28
90
137
173
176
149
108
50
-8
-49
-75
-80
-70
-43
-23
-2
10
13
12
16
22
39
57
74
83
84
68
40
9
-25
-50
-61
-54
-36
-11
21
48
64
75
73
64
56
41
33
25
14
7
-3
-14
-26
-27
-27
-22
-5
14
30
45
52
48
40
25
4
-16
-30
-45
-59
-64
-65
-63
-58
-46
-37
-20
-3
3
15
10
0
-12
-35
-54
-71
-85
-96
-106
-108
-113
-104
-92
-66
-20
22
85
119
154
167
148
118
71
19
-26
-62
-73
-80
-69
-48
-36
-14
-2
8
20
31
43
55
68
74
67
63
36
8
-18
-44
-57
-59
-49
-27
-1
32
50
71
79
76
69
52
38
25
11
1
-13
-19
-29
-32
-26
-22
-9
6
22
37
46
47
39
22
6
-16
-33
-48
-61
-72
-78
-76
-69
-61
-43
-24
-11
0
3
-4
-13
-24
-38
-51
-61
-68
-75
-80
-90
-101
-102
-102
-88
-49
-13
39
93
125
148
148
124
84
38
-1
-40
-56
-56
-54
-30
-18
-4
5
14
18
27
39
53
65
81
81
76
61
35
11
-13
-31
-40
-34
-17
4
28
49
62
75
76
71
62
48
38
28
18
7
-4
-12
-21
-22
-15
-6
9
25
36
46
45
40
29
15
-5
-22
-39
-53
-62
-69
-69
-66
-62
-48
-27
-11
6
20
17
9
-9
-30
-47
-61
-74
-81
-83
-86
-92
-92
-90
-75
-40
-3
53
101
141
167
160
136
90
38
-10
-54
-73
-78
-68
-46
-25
-4
13
21
27
34
43
52
66
79
77
71
53
23
-4
-32
-55
-59
-50
-30
-5
29
54
72
82
79
69
55
44
31
19
8
-3
-12
-18
-26
-23
-16
-2
12
29
44
52
53
45
33
21
3
-10
-22
-33
-44
-57
-66
-66
-62
-43
-17
12
35
50
49
27
-2
-35
-64
-81
-86
-82
-75
-70
-66
-73
-77
-79
-72
-40
-2
46
103
137
157
152
118
69
15
-34
-72
-85
-74
-62
-32
-5
14
25
27
26
24
31
40
51
67
68
61
50
21
-6
-29
-42
-42
-30
-7
17
42
65
72
76
68
56
48
37
29
22
16
4
-9
-17
-25
-24
-19
-7
9
28
39
42
37
25
6
-13
-30
-45
-56
-66
-68
-68
-60
-44
-30
-11
3
13
18
8
-5
-25
-42
-54
-65
-67
-72
-78
-87
-96
-102
-101
-76
-40
3
68
115
148
163
149
113
65
12
-36
-68
-74
-70
-53
-26
-11
5
16
21
27
34
45
58
70
80
77
67
39
9
-20
-44
-58
-57
-43
-20
8
37
53
64
70
62
47
41
32
20
12
2
-12
-23
-30
-37
-33
-24
-11
9
26
39
43
42
29
12
-1
-18
-29
-40
-50
-58
-64
-71
-76
-68
-45
-32
-8
12
10
14
0
-26
-47
-69
-86
-103
-105
-106
-106
-85
-71
-34
8
47
91
119
144
144
127
101
55
15
-21
-55
-69
-78
-69
-54
-39
-20
-7
11
29
42
59
68
75
78
68
52
26
0
-22
-43
-49
-46
-37
-13
9
36
53
67
72
71
65
50
36
23
7
-2
-15
-24
-30
-33
-24
-19
-5
17
29
42
42
38
26
7
-15
-37
-53
-70
-76
-72
-69
-49
-30
-22
-4
-3
-13
-24
-37
-46
-52
-51
-52
-59
-58
-76
-96
-109
-122
-122
-91
-49
6
78
128
160
172
151
103
53
1
-46
-68
-69
-68
-46
-25
-10
1
10
10
14
27
44
61
85
95
94
81
53
18
-12
-36
-49
-44
-25
-2
25
54
65
73
75
67
58
52
46
36
30
20
4
-7
-21
-32
-27
-15
-1
17
33
45
51
48
31
15
-7
-27
-40
-48
-58
-64
-70
-68
-64
-53
-32
-21
-5
5
2
-7
-21
-39
-56
-66
-73
-82
-77
-80
-84
-76
-70
-46
-16
24
72
102
134
139
125
97
55
15
-20
-49
-57
-58
-43
-26
-8
10
18
26
34
38
48
55
61
64
61
52
35
15
-5
-20
-33
-33
-20
-5
13
37
54
65
66
59
49
38
27
14
5
0
-5
-7
-14
-15
-12
-7
4
16
29
39
42
38
29
11
-3
-22
-37
-47
-57
-67
-70
-66
-60
-39
-19
5
18
21
18
-1
-24
-45
-65
-78
-84
-85
-88
-93
-89
-85
-56
-26
20
79
122
161
178
166
134
83
26
-30
-71
-89
-97
-79
-57
-35
-12
6
16
24
35
47
56
72
82
80
73
50
20
-11
-38
-53
-60
-47
-28
-1
35
58
80
88
84
77
64
49
32
19
12
-2
-12
-19
-25
-25
-21
-8
8
29
48
58
62
55
42
21
-8
-33
-54
-71
-77
-76
-64
-47
-23
-2
8
8
2
-13
-25
-34
-42
-50
-54
-57
-69
-79
-94
-114
-121
-113
-84
-44
17
83
128
166
169
148
109
56
2
-39
-64
-73
-71
-48
-31
-16
-2
3
9
17
28
44
60
79
86
84
71
40
12
-17
-44
-50
-44
-30
-5
22
50
66
78
79
73
67
54
44
36
23
12
2
-7
-18
-20
-17
-13
-1
14
26
40
44
40
33
18
2
-14
-31
-50
-63
-72
-79
-75
-65
-51
-32
-9
-2
2
-2
-18
-35
-45
-58
-59
-54
-52
-53
-59
-73
-93
-104
-109
-91
-52
4
74
125
171
185
165
129
68
13
-34
-66
-70
-64
-39
-18
-1
17
18
17
22
24
39
55
73
90
94
87
61
33
3
-29
-45
-47
-38
-14
11
38
55
71
72
66
59
49
40
36
27
18
11
1
-11
-17
-18
-16
-4
11
25
41
49
49
40
27
8
-14
-32
-48
-58
-62
-59
-60
-47
-40
-31
-19
-11
-8
-4
-3
-11
-21
-34
-51
-64
-76
-89
-100
-104
-106
-96
-60
-30
20
79
115
146
154
137
106
63
18
-26
-54
-68
-76
-63
-51
-39
-17
-6
2
14
27
40
51
66
65
60
52
25
0
-23
-44
-58
-56
-45
-28
-3
26
43
63
71
70
66
57
46
36
23
12
0
-5
-16
-20
-16
-10
4
21
37
51
58
59
47
32
15
-8
-20
-33
-46
-50
-57
-65
-64
-62
-50
-34
-14
8
26
40
35
20
-3
-38
-63
-86
-100
-104
-103
-98
-95
-90
-87
-78
-46
-14
36
90
128
158
165
146
107
54
-3
-52
-81
-87
-82
-53
-27
-2
23
33
38
42
44
48
52
63
66
65
54
31
7
-21
-43
-51
-47
-28
-2
29
59
77
90
85
77
63
45
31
19
9
5
-3
-7
-15
-17
-11
-3
9
25
40
50
54
48
35
17
1
-21
-34
-42
-49
-53
-59
-59
-58
-60
-52
-41
-18
-1
15
33
17
3
-21
-60
-85
-107
-117
-117
-109
-96
-89
-76
-62
-39
-9
37
84
121
158
166
153
119
67
10
-38
-80
-100
-99
-77
-54
-20
7
23
35
40
37
43
51
60
65
69
60
40
14
-17
-44
-57
-59
-47
-20
14
44
71
88
91
86
73
58
39
29
17
6
0
-5
-14
-12
-11
-2
11
25
36
50
58
56
48
35
12
-4
-19
-31
-37
-37
-40
-42
-44
-48
-49
-38
-10
11
36
53
51
34
7
-31
-66
-92
-104
-106
-95
-82
-76
-74
-81
-77
-58
-31
22
74
126
167
180
166
121
64
0
-62
-96
-111
-101
-71
-44
-6
19
32
34
30
28
32
40
55
64
73
66
45
17
-18
-44
-64
-65
-48
-17
21
57
89
103
103
93
74
57
42
29
22
14
10
4
-4
-8
-13
-10
1
18
38
54
64
63
49
31
6
-19
-40
-53
-57
-55
-54
-52
-54
-47
-42
-38
-16
2
12
18
12
-6
-26
-53
-79
-94
-99
-100
-98
-96
-97
-97
-93
-73
-46
-2
58
101
147
169
162
135
84
23
-29
-70
-89
-92
-72
-45
-23
10
25
28
34
34
41
49
58
69
72
73
55
32
6
-24
-44
-49
-46
-25
3
35
61
82
88
82
72
53
36
22
9
2
-8
-15
-20
-24
-23
-21
-10
5
17
31
37
36
33
21
4
-15
-33
-47
-60
-70
-73
-76
-69
-53
-36
-12
4
13
14
3
-14
-35
-52
-67
-71
-71
-71
-72
-78
-92
-101
-106
-87
-57
-12
60
111
157
179
166
132
80
18
-38
-76
-91
-92
-70
-43
-23
2
12
10
13
14
23
34
54
68
69
70
48
20
-9
-39
-59
-60
-55
-35
-5
29
51
69
75
69
62
47
32
22
6
0
-7
-14
-19
-24
-22
-18
-10
5
18
32
42
42
36
21
2
-20
-41
-55
-72
-79
-73
-71
-53
-35
-16
-2
5
6
-3
-16
-28
-49
-53
-58
-64
-67
-76
-83
-96
-104
-107
-90
-44
-4
60
116
149
175
164
133
87
31
-20
-59
-74
-77
-71
-43
-29
-7
5
10
17
24
35
54
71
88
86
80
64
32
7
-20
-42
-47
-41
-19
8
38
62
72
83
78
66
57
42
33
24
16
5
-8
-13
-24
-27
-19
-10
7
23
37
47
47
38
22
4
-18
-39
-57
-74
-86
-85
-73
-63
-40
-12
5
16
16
-4
-25
-45
-67
-81
-82
-83
-84
-81
-91
-103
-104
-87
-61
-10
53
106
159
184
175
149
101
36
-23
-66
-90
-95
-72
-49
-25
4
14
21
27
28
35
50
69
81
90
92
72
44
11
-27
-52
-60
-54
-36
-1
33
58
87
93
87
80
61
41
27
13
0
-7
-14
-24
-26
-25
-25
-16
-2
10
25
39
42
38
27
8
-14
-29
-50
-70
-77
-81
-82
-71
-56
-42
-20
-5
-7
-3
-9
-26
-37
-44
-62
-71
-74
-84
-88
-92
-101
-103
-85
-57
-25
34
83
121
154
154
130
93
46
-7
-51
-73
-83
-78
-52
-42
-20
-2
2
9
18
23
35
51
63
66
67
51
27
6
-24
-50
-58
-56
-40
-20
9
37
55
72
72
67
59
42
26
15
4
-4
-11
-17
-24
-24
-21
-15
0
19
32
46
49
43
32
15
-9
-30
-44
-57
-64
-65
-63
-60
-50
-38
-31
-13
-7
-1
4
-7
-19
-35
-53
-67
-76
-75
-78
-79
-82
-93
-95
-96
-80
-43
-7
55
98
136
158
145
118
71
14
-33
-73
-85
-87
-72
-46
-27
-1
11
17
22
23
29
38
50
66
68
71
55
32
6
-25
-42
-48
-45
-25
-1
28
53
70
82
76
69
59
41
32
22
13
4
-4
-11
-20
-21
-19
-8
9
23
39
49
50
43
27
10
-12
-28
-40
-49
-53
-57
-62
-59
-54
-47
-31
-18
-6
5
9
1
-12
-30
-44
-58
-66
-72
-80
-82
-85
-90
-95
-93
-75
-43
-4
52
96
136
160
153
130
88
37
-10
-50
-71
-76
-63
-39
-21
3
15
21
26
28
33
43
57
72
73
72
58
37
8
-22
-42
-50
-46
-32
-9
19
42
60
72
72
70
60
46
32
19
10
1
-7
-10
-17
-14
-13
-8
8
21
37
47
47
42
33
19
-3
-17
-31
-42
-44
-49
-47
-44
-45
-29
-10
8
27
33
33
16
-7
-32
-58
-68
-76
-78
-76
-84
-88
-94
-101
-93
-67
-29
31
83
131
163
166
149
103
48
-10
-60
-82
-93
-83
-55
-30
-5
14
22
26
29
35
40
55
70
71
74
62
40
12
-19
-39
-52
-47
-30
-5
32
60
79
90
92
85
68
56
45
33
23
14
5
-3
-8
-10
-9
-1
10
23
40
49
55
53
46
34
12
-10
-29
-46
-56
-64
-69
-66
-56
-44
-26
-4
17
28
34
27
1
-26
-51
-76
-88
-91
-91
-87
-85
-88
-97
-101
-92
-64
-27
34
94
140
177
175
148
99
35
-26
-73
-99
-101
-84
-50
-20
11
29
32
31
32
35
42
55
71
77
79
65
39
10
-22
-49
-58
-56
-34
-1
30
60
79
87
79
67
51
32
21
14
8
6
-1
-9
-14
-21
-19
-11
1
17
34
46
48
44
31
11
-12
-30
-46
-60
-63
-67
-71
-68
-57
-47
-30
-3
12
26
31
10
-14
-36
-63
-82
-90
-89
-89
-82
-80
-88
-88
-89
-80
-48
-13
43
97
136
162
154
126
76
19
-34
-77
-93
-88
-71
-38
-13
8
19
22
23
18
18
26
35
54
58
55
43
18
-13
-42
-60
-65
-59
-31
-3
24
52
66
75
67
53
37
23
12
4
-2
-8
-13
-13
-18
-14
-12
-2
12
24
33
40
39
33
17
3
-13
-29
-41
-51
-59
-62
-61
-54
-39
-22
-10
4
10
5
-4
-18
-33
-39
-51
-59
-64
-75
-78
-87
-93
-96
-99
-92
-74
-38
-5
38
83
106
125
120
96
61
20
-19
-50
-66
-64
-58
-39
-26
-13
-2
4
5
15
21
32
44
54
52
47
32
7
-14
-29
-42
-41
-32
-14
7
29
46
55
63
60
55
47
35
27
20
10
3
-3
-5
-9
-8
-2
4
14
23
26
29
28
22
12
2
-12
-27
-36
-43
-49
-53
-57
-58
-57
-49
-33
-18
0
12
13
12
-2
-25
-47
-70
-87
-97
-100
-94
-91
-84
-80
-78
-63
-41
-13
37
79
117
145
148
131
92
45
-6
-48
-71
-81
-72
-45
-20
6
26
33
38
40
39
43
50
60
62
62
53
31
9
-14
-36
-45
-41
-28
-8
21
46
62
73
71
62
50
35
20
9
4
-2
-9
-13
-18
-19
-17
-11
0
15
29
37
40
39
26
11
-9
-28
-44
-63
-71
-74
-76
-66
-57
-39
-25
-14
5
7
11
3
-10
-21
-41
-55
-71
-83
-87
-95
-96
-99
-96
-70
-38
1
63
109
147
172
164
137
91
37
-17
-57
-78
-85
-73
-49
-29
-5
12
20
25
34
40
49
65
74
72
67
47
21
-6
-36
-55
-59
-50
-31
-2
35
60
81
92
86
78
61
43
29
17
8
-2
-6
-12
-17
-14
-10
-2
14
29
42
53
54
48
35
17
-10
-24
-41
-57
-60
-62
-60
-56
-48
-40
-32
-19
-8
-3
3
-4
-15
-32
-51
-71
-87
-93
-99
-101
-95
-87
-62
-30
5
55
96
130
152
149
128
89
42
-3
-45
-68
-81
-76
-59
-44
-21
-1
15
29
36
43
54
63
70
69
64
46
23
1
-27
-42
-43
-39
-20
4
32
56
77
90
90
86
74
56
44
25
9
-2
-13
-17
-21
-19
-14
-7
9
25
39
49
50
44
29
14
-6
-26
-39
-52
-60
-66
-72
-72
-73
-65
-48
-24
1
21
27
23
5
-24
-54
-80
-93
-98
-95
-83
-82
-83
-85
-83
-65
-39
10
61
111
155
169
161
130
76
19
-35
-74
-91
-89
-66
-40
-9
16
27
33
31
31
37
45
57
67
70
65
46
20
-12
-41
-59
-61
-47
-19
14
45
69
87
89
84
69
47
30
13
2
-5
-11
-11
-15
-16
-14
-12
0
12
27
43
50
48
38
21
4
-17
-36
-50
-60
-66
-72
-72
-68
-61
-43
-25
-7
13
19
14
2
-19
-44
-66
-82
-94
-100
-97
-101
-102
-96
-84
-62
-22
34
79
129
163
165
148
106
47
-3
-52
-83
-100
-89
-70
-47
-16
3
13
26
32
39
52
62
68
73
73
53
30
5
-26
-47
-54
-54
-36
-9
18
50
77
89
92
89
75
56
42
27
11
2
-6
-15
-15
-15
-7
6
20
35
51
62
61
58
46
24
2
-18
-38
-52
-57
-62
-68
-64
-66
-62
-45
-30
-9
12
20
29
16
-4
-28
-56
-75
-91
-98
-100
-102
-97
-94
-79
-53
-22
29
80
121
159
168
157
124
75
22
-29
-62
-83
-88
-68
-49
-25
3
18
34
43
48
55
64
76
79
78
71
49
26
-3
-28
-41
-45
-34
-14
13
41
65
85
91
87
78
62
45
29
11
0
-4
-12
-20
-18
-16
-9
7
23
38
52
58
57
45
28
6
-19
-37
-57
-73
-81
-84
-79
-58
-38
-16
7
16
16
6
-16
-37
-52
-61
-67
-66
-64
-70
-78
-94
-111
-118
-100
-68
-20
55
114
163
192
182
147
93
27
-34
-75
-90
-92
-66
-36
-17
7
16
13
15
20
27
43
64
79
84
85
62
32
2
-34
-59
-62
-53
-30
4
37
60
81
85
76
67
53
36
28
20
12
5
0
-9
-14
-16
-17
-6
9
27
42
51
54
45
31
14
-8
-23
-39
-54
-61
-68
-70
-66
-59
-41
-24
-3
16
21
21
13
-9
-30
-52
-70
-85
-91
-99
-102
-103
-104
-99
-74
-41
7
66
113
156
174
163
131
81
23
-36
-79
-100
-108
-85
-59
-36
-7
8
18
26
32
41
50
64
70
69
64
40
14
-15
-43
-60
-65
-54
-30
1
36
60
80
90
87
76
60
42
28
14
2
-5
-13
-19
-25
-21
-16
-5
12
27
41
50
48
44
27
10
-11
-31
-48
-62
-71
-76
-80
-77
-66
-55
-42
-20
-6
9
16
11
-3
-21
-45
-66
-82
-94
-105
-107
-104
-94
-78
-38
-8
44
96
127
158
160
140
104
60
11
-33
-62
-79
-83
-65
-49
-27
-4
9
24
38
47
59
71
83
82
78
63
37
16
-11
-35
-48
-49
-39
-18
10
34
56
77
78
76
67
50
35
22
6
-7
-15
-22
-28
-26
-21
-9
5
22
35
46
49
42
32
17
-2
-19
-32
-50
-62
-71
-77
-75
-72
-56
-38
-17
7
15
20
13
-6
-26
-49
-67
-84
-91
-98
-108
-106
-105
-88
-57
-20
36
88
132
168
174
161
123
72
17
-36
-68
-88
-87
-67
-51
-25
-2
10
21
30
40
50
61
74
75
76
63
36
8
-24
-53
-69
-68
-50
-24
10
43
67
85
93
88
78
64
49
36
22
8
-7
-14
-24
-26
-22
-12
5
26
44
60
70
70
57
40
16
-10
-30
-44
-54
-54
-52
-51
-46
-45
-42
-33
-23
-13
0
8
10
1
-10
-33
-55
-77
-95
-102
-105
-106
-101
-101
-78
-49
-16
41
86
126
159
162
145
106
55
0
-50
-77
-99
-94
-71
-54
-23
2
14
25
33
41
47
58
68
67
69
56
33
10
-19
-43
-55
-55
-43
-17
17
45
73
94
93
91
82
66
54
39
26
14
6
-4
-12
-13
-12
-2
13
31
47
63
70
70
57
36
10
-12
-31
-48
-54
-58
-57
-53
-50
-47
-50
-47
-39
-29
-12
9
19
25
18
-1
-28
-60
-88
-109
-118
-119
-114
-101
-84
-70
-37
-8
24
70
102
132
144
136
111
71
26
-20
-57
-78
-87
-74
-54
-32
-1
17
35
46
51
56
56
59
59
53
45
27
9
-12
-32
-44
-45
-34
-17
7
33
55
70
80
77
70
59
40
24
9
-5
-14
-21
-22
-18
-11
-4
8
24
35
40
43
39
29
12
-3
-21
-31
-40
-48
-54
-57
-60
-57
-48
-38
-25
-1
8
18
21
7
-12
-35
-59
-76
-80
-81
-84
-81
-85
-95
-98
-97
-81
-43
11
76
127
173
187
167
130
63
-1
-59
-100
-115
-108
-84
-54
-27
-4
-1
3
8
8
21
38
56
72
77
72
42
12
-24
-58
-70
-76
-60
-24
9
45
69
85
85
74
66
49
42
36
28
23
14
2
-11
-16
-19
-14
2
21
42
63
68
64
53
27
4
-16
-32
-44
-46
-44
-51
-56
-58
-60
-47
-30
-12
15
25
28
20
-6
-34
-63
-83
-95
-99
-91
-85
-79
-76
-85
-92
-83
-61
-28
31
82
126
160
158
134
88
30
-31
-73
-94
-99
-79
-48
-24
3
22
26
25
27
24
33
47
63
68
71
62
38
9
-21
-44
-53
-48
-31
-1
31
57
80
84
80
68
56
42
26
18
11
6
-1
-5
-12
-13
-13
-8
4
18
31
40
44
39
28
11
-9
-24
-37
-47
-55
-58
-62
-63
-61
-58
-44
-25
-4
13
22
21
2
-20
-45
-68
-82
-84
-83
-77
-66
-71
-80
-85
-92
-74
-45
3
69
118
168
181
167
129
69
5
-50
-86
-96
-93
-64
-37
-9
12
16
17
16
13
24
40
60
74
81
78
51
23
-17
-48
-61
-65
-48
-19
13
45
68
82
79
74
65
50
41
32
22
18
5
-6
-16
-23
-25
-19
-1
16
33
54
59
58
50
29
9
-12
-27
-42
-48
-52
-59
-62
-64
-63
-53
-39
-14
4
21
28
16
2
-25
-57
-74
-89
-94
-89
-85
-84
-85
-88
-79
-60
-31
26
73
126
161
171
154
109
51
-11
-62
-91
-108
-95
-67
-38
-4
15
27
29
30
29
34
47
59
66
73
57
39
14
-19
-45
-57
-58
-40
-12
21
52
76
89
91
83
68
52
36
21
12
3
-4
-11
-14
-12
-11
-2
10
23
37
46
51
48
34
19
0
-12
-26
-35
-44
-50
-54
-59
-66
-68
-58
-42
-23
11
14
20
15
-12
-39
-69
-93
-107
-109
-100
-97
-86
-84
-92
-82
-68
-39
15
75
124
170
185
168
122
67
-8
-70
-105
-124
-118
-83
-50
-12
17
29
32
33
34
37
52
65
72
82
72
47
14
-20
-53
-71
-71
-56
-22
19
52
77
93
89
78
62
44
26
14
7
-2
-7
-14
-23
-27
-29
-24
-9
10
27
46
55
52
42
22
-2
-24
-43
-59
-66
-67
-63
-69
-67
-64
-58
-45
-20
0
20
34
32
4
-20
-54
-87
-99
-104
-105
-94
-88
-84
-83
-73
-52
-27
26
76
118
162
171
158
121
63
0
-57
-94
-113
-110
-80
-52
-18
9
23
34
34
32
37
44
54
59
65
58
37
13
-20
-48
-64
-65
-52
-24
11
42
68
88
85
78
67
47
35
25
15
10
3
-4
-10
-16
-21
-14
2
22
39
56
64
62
52
30
4
-20
-35
-48
-54
-53
-57
-51
-47
-44
-28
-20
1
16
22
27
11
-8
-31
-56
-68
-89
-90
-93
-99
-98
-102
-99
-78
-41
4
68
121
164
187
178
138
84
21
-40
-87
-107
-111
-93
-63
-38
-12
6
18
24
34
42
53
69
81
83
80
59
28
-6
-38
-58
-63
-47
-22
12
48
75
92
98
93
83
68
51
41
34
24
11
1
-10
-19
-19
-15
-8
12
35
53
63
67
58
39
15
-11
-33
-45
-56
-62
-66
-72
-75
-74
-59
-42
-17
14
30
38
35
12
-16
-45
-72
-87
-92
-87
-85
-80
-87
-97
-98
-85
-55
-9
59
115
167
198
189
156
104
36
-30
-75
-96
-99
-77
-43
-17
13
31
32
34
34
35
50
69
82
90
87
68
37
2
-33
-58
-65
-60
-32
1
36
65
84
93
86
76
62
41
33
23
14
9
1
-7
-13
-13
-13
-7
12
29
47
60
62
57
42
19
-4
-24
-40
-49
-52
-52
-52
-49
-46
-42
-33
-20
-1
15
24
30
18
3
-17
-40
-61
-73
-81
-85
-84
-79
-83
-78
-68
-44
-10
30
85
122
151
162
141
106
57
1
-42
-74
-83
-82
-60
-33
-12
11
24
27
35
37
44
53
60
71
71
64
41
12
-15
-40
-49
-45
-35
-7
22
49
71
80
81
73
63
51
38
34
24
20
11
3
-4
-9
-9
-3
9
24
40
54
61
57
45
28
8
-10
-26
-33
-40
-43
-46
-51
-50
-44
-37
-25
-4
9
16
19
7
-14
-34
-56
-70
-79
-77
-74
-71
-69
-78
-83
-80
-78
-48
-19
30
86
121
148
146
123
79
27
-21
-62
-83
-77
-67
-35
-12
7
23
30
28
28
28
34
42
58
64
63
54
28
3
-23
-44
-49
-45
-25
-2
26
52
63
71
69
58
51
39
29
21
12
8
-3
-11
-17
-21
-17
-9
2
17
28
39
42
38
29
12
-5
-24
-37
-43
-52
-54
-56
-59
-56
-54
-47
-32
-13
3
15
26
12
-3
-21
-49
-68
-78
-84
-87
-80
-77
-76
-74
-76
-71
-43
-17
31
83
120
153
154
137
95
40
-10
-61
-88
-93
-90
-60
-37
-10
8
16
18
16
18
23
31
49
56
58
53
33
8
-21
-39
-53
-50
-36
-15
13
43
59
74
75
66
54
38
25
16
11
2
-3
-5
-11
-11
-9
-6
2
14
25
35
38
39
26
12
-4
-20
-27
-36
-43
-45
-54
-63
-70
-68
-60
-36
-3
20
45
51
37
11
-33
-76
-107
-123
-118
-108
-87
-74
-75
-76
-80
-71
-52
-6
45
97
148
168
161
131
73
7
-55
-101
-120
-117
-88
-56
-17
16
31
35
33
26
26
31
46
57
68
67
54
32
1
-31
-51
-56
-45
-17
17
55
83
100
104
97
79
59
39
28
18
8
2
-6
-11
-13
-16
-9
-4
10
23
38
48
45
39
23
3
-19
-36
-47
-55
-54
-61
-66
-62
-64
-58
-34
-25
3
21
20
17
-3
-33
-56
-79
-88
-96
-91
-87
-92
-83
-90
-75
-47
-20
39
87
132
165
166
148
102
48
-6
-60
-82
-94
-85
-55
-33
-2
17
28
34
35
41
45
53
70
72
75
62
37
13
-19
-41
-52
-48
-30
-8
29
56
75
92
87
79
63
44
30
15
9
0
-4
-7
-16
-13
-15
-10
5
19
34
50
58
58
46
29
7
-14
-30
-46
-55
-56
-60
-58
-57
-51
-38
-16
0
18
33
22
9
-13
-46
-68
-83
-94
-93
-86
-82
-85
-82
-83
-66
-39
5
61
112
157
173
162
131
74
12
-46
-91
-109
-109
-87
-57
-25
4
15
27
31
29
34
41
53
64
66
64
45
20
-13
-42
-60
-66
-54
-27
3
38
64
84
93
88
78
57
40
27
11
5
-3
-13
-19
-24
-21
-12
3
23
36
52
59
58
50
32
12
-6
-21
-35
-45
-48
-53
-58
-61
-63
-60
-45
-31
-4
19
28
35
20
-6
-37
-68
-94
-110
-107
-101
-88
-78
-74
-71
-69
-53
-30
9
60
96
137
149
135
102
52
-8
-56
-86
-100
-95
-65
-35
-5
23
34
37
40
34
37
44
53
63
66
63
43
20
-6
-30
-43
-44
-30
-5
24
53
75
88
88
79
65
42
24
17
8
7
4
0
0
-5
-5
-3
6
17
28
39
43
43
36
20
2
-18
-35
-47
-56
-59
-58
-55
-49
-44
-39
-29
-22
-17
-11
-10
-9
-16
-21
-35
-47
-60
-75
-84
-88
-91
-91
-88
-76
-49
-15
25
78
113
141
152
139
110
64
19
-25
-56
-66
-69
-54
-33
-19
1
13
21
31
37
45
55
65
68
63
55
34
10
-15
-37
-47
-47
-35
-13
9
36
54
68
73
67
57
48
34
24
14
4
-2
-6
-13
-17
-16
-12
0
15
28
42
51
48
38
24
5
-15
-27
-38
-44
-47
-47
-54
-57
-59
-60
-46
-27
-3
25
35
35
14
-20
-57
-91
-106
-113
-105
-91
-82
-76
-75
-62
-46
-15
39
86
133
169
171
153
110
47
-13
-70
-101
-114
-102
-71
-40
-2
26
39
48
48
48
49
55
61
65
66
52
30
4
-32
-53
-62
-55
-33
-1
36
65
92
102
99
91
73
53
35
19
11
5
-4
-9
-13
-10
-7
4
20
35
55
64
66
59
41
17
-11
-32
-46
-56
-60
-63
-57
-57
-57
-51
-46
-32
-17
0
15
16
11
-5
-31
-58
-84
-103
-111
-111
-107
-103
-95
-79
-48
-21
32
81
121
161
167
156
123
71
13
-42
-77
-98
-101
-74
-54
-22
6
23
39
50
57
60
66
75
73
75
63
40
18
-12
-39
-51
-54
-36
-12
19
49
73
95
97
94
83
66
48
28
12
2
-9
-14
-18
-16
-14
-8
7
19
33
49
55
55
48
33
14
-10
-30
-46
-58
-61
-66
-65
-59
-57
-45
-29
-12
5
18
19
8
-5
-30
-56
-73
-85
-93
-92
-95
-100
-101
-93
-74
-43
9
68
118
163
178
166
132
79
16
-36
-78
-100
-102
-87
-62
-33
-7
6
18
25
26
35
48
61
66
67
58
34
7
-28
-58
-73
-78
-67
-40
-8
29
53
71
81
76
68
51
36
23
7
0
-12
-21
-26
-31
-30
-24
-9
7
24
40
50
53
46
28
8
-13
-30
-43
-57
-61
-65
-66
-61
-53
-42
-24
-7
4
10
12
-1
-18
-31
-49
-65
-74
-83
-89
-91
-101
-111
-112
-96
-63
-22
47
99
147
182
174
145
97
33
-24
-69
-90
-98
-80
-52
-35
-7
9
15
24
29
36
50
68
82
81
82
58
28
-2
-35
-55
-61
-56
-31
-4
34
57
78
90
85
81
69
51
41
25
15
5
-6
-12
-22
-20
-15
-4
15
32
50
62
60
53
35
15
-13
-32
-44
-58
-57
-58
-62
-58
-57
-50
-38
-20
2
12
23
23
5
-13
-41
-63
-80
-93
-94
-99
-101
-104
-107
-89
-61
-26
39
92
139
175
177
159
115
60
0
-53
-81
-98
-92
-66
-44
-12
8
20
28
34
43
50
67
80
83
85
69
40
10
-22
-50
-61
-61
-42
-14
21
51
74
89
85
77
66
44
32
22
10
0
-11
-19
-26
-27
-25
-15
1
18
36
51
50
45
28
9
-12
-36
-48
-58
-67
-68
-67
-58
-53
-42
-31
-23
-7
-6
-5
2
-10
-19
-25
-41
-54
-67
-81
-98
-107
-111
-115
-95
-57
-22
39
96
129
158
158
133
92
45
-4
-45
-66
-76
-79
-55
-42
-24
-5
4
12
24
37
49
64
80
76
69
57
29
5
-21
-43
-50
-47
-32
-12
16
42
58
76
76
72
72
57
43
31
19
8
-4
-11
-19
-18
-13
-5
10
29
40
52
55
47
35
18
-1
-20
-32
-47
-59
-63
-68
-71
-63
-50
-25
2
23
36
37
19
-7
-39
-70
-90
-97
-97
-87
-80
-82
-84
-89
-92
-71
-40
9
74
118
163
177
159
118
56
-6
-61
-98
-104
-97
-64
-33
-8
19
27
30
28
29
37
48
66
74
75
70
42
15
-18
-47
-59
-57
-38
-7
23
56
77
91
91
79
65
49
38
30
21
12
0
-6
-15
-25
-21
-17
-3
17
32
51
58
55
42
21
-2
-26
-45
-58
-67
-70
-66
-65
-54
-42
-27
-6
7
16
17
3
-13
-35
-54
-63
-76
-76
-78
-82
-84
-91
-95
-92
-75
-41
-1
59
108
139
158
148
114
68
14
-31
-63
-74
-74
-57
-32
-15
4
14
13
18
23
33
45
56
66
66
61
38
12
-16
-39
-54
-53
-44
-21
5
34
53
66
71
63
54
40
26
17
6
1
-3
-10
-15
-19
-16
-12
-3
9
21
35
45
46
38
26
10
-12
-32
-48
-59
-64
-65
-63
-56
-48
-31
-18
-4
16
12
15
5
-20
-38
-58
-70
-74
-76
-68
-69
-61
-67
-74
-72
-70
-51
-15
15
63
102
125
136
117
89
43
-1
-36
-63
-68
-61
-45
-16
-2
12
22
25
23
21
30
36
46
57
53
50
36
13
-7
-22
-34
-31
-18
4
26
50
63
71
70
62
50
39
30
21
19
16
11
6
1
-4
-8
-5
3
13
26
35
38
34
25
14
-4
-18
-34
-44
-51
-58
-57
-56
-48
-36
-23
-4
4
7
9
-9
-20
-35
-49
-57
-65
-62
-66
-68
-72
-86
-87
-89
-85
-49
-16
32
87
118
144
140
116
76
27
-16
-51
-69
-64
-59
-34
-15
-3
10
13
17
20
30
42
54
70
72
67
54
26
3
-21
-38
-43
-34
-16
6
30
54
64
69
70
63
52
39
29
21
14
8
-1
-7
-11
-14
-9
-2
7
22
33
42
43
38
24
9
-8
-27
-38
-48
-56
-59
-62
-64
-56
-43
-26
-10
8
10
6
0
-23
-44
-57
-75
-79
-76
-78
-72
-76
-83
-90
-88
-64
-37
18
78
118
160
167
148
109
53
-3
-53
-81
-89
-82
-51
-29
-5
18
21
23
27
24
33
45
60
66
69
60
35
7
-23
-47
-57
-55
-40
-11
22
49
69
83
81
72
61
44
29
22
11
5
0
-5
-10
-11
-8
-2
11
29
41
53
59
55
43
25
5
-17
-30
-38
-44
-49
-53
-55
-49
-42
-27
-9
10
23
21
11
-6
-31
-48
-64
-75
-74
-71
-69
-68
-75
-86
-98
-88
-64
-33
30
78
125
157
154
129
84
23
-31
-75
-91
-98
-80
-45
-24
0
15
17
17
18
23
34
46
63
64
65
48
23
-1
-31
-51
-55
-46
-25
1
30
53
70
80
74
69
58
45
37
28
22
15
7
-2
-13
-13
-10
-3
14
26
39
50
49
39
23
7
-12
-28
-39
-50
-52
-52
-59
-57
-59
-53
-41
-26
-5
15
20
19
